FT ID AT WT ST
4  3 1 0 3
8  9 2 0 6
13  13 3 0 10
13  7 1 0 12
16  5 1 0 15
17  1 1 0 16
19  2 1 0 18
20  4 1 0 19
21  8 1 0 20
22  10 2 0 20
24  35 15 8 1
27  38 16 4 7
28  43 17 5 6
28  26 8 0 20
28  6 1 0 27
30  40 16 4 10
34  11 2 28 4
34  27 9 19 6
42  14 3 31 8
48  33 13 11 24
50  19 5 23 22
54  15 3 31 20
60  22 7 20 33
63  17 3 52 8
63  37 15 8 40
63  32 12 1 50
79  25 8 62 9
93  29 10 70 13
103  24 8 55 40
126  39 16 97 13
128  30 10 73 45
129  41 17 106 6
148  44 17 4 127
151  42 17 3 131
156  34 15 1 140
157  23 8 54 95
159  18 4 24 131
167  31 11 88 68
Orders: 38 [Norm:1, Veg:15, VIP:22]
cooks: 11 [Norm:4, Veg:5, VIP:2, injured:11]
Avg Wait = 23.2105,  Avg Serv = 32.7105
Urgent orders : 11, Auto - promoted :85%
