FT ID AT WT ST
2  7 0 1 1
3  6 0 1 2
4  11 0 1 3
4  15 0 1 3
4  1 0 1 3
4  5 0 1 3
5  36 3 1 1
5  3 0 1 4
9  43 3 1 5
10  37 3 6 1
10  41 3 0 7
10  8 0 1 9
11  35 2 8 1
12  32 2 7 3
12  33 2 0 10
13  4 0 1 12
14  40 3 8 3
15  30 2 3 10
15  34 2 2 11
17  29 2 7 8
18  40 9 8 1
19  0 5 13 1
20  45 4 15 1
20  48 5 14 1
20  39 3 16 1
20  44 4 15 1
20  46 5 12 3
21  10 0 20 1
25  14 0 19 6
26  13 0 19 7
26  9 0 19 7
33  5 2 17 14
46  1 0 33 13
70  12 0 53 17
94  26 2 75 17
106  27 2 99 5
126  28 2 111 13
138  31 2 131 5
162  38 3 142 17
186  42 3 166 17
204  16 4 189 11
Orders: 41 [Norm:2, Veg:10, VIP:29]
cooks: 9 [Norm:2, Veg:1, VIP:6, injured:9]
Avg Wait = 30.1951,  Avg Serv = 6.31707
Urgent orders : 13, Auto - promoted :85%
