FT ID AT WT ST
3  3 1 0 2
3  6 1 0 2
4  25 3 0 1
4  15 2 0 2
4  13 2 0 2
4  14 2 0 2
4  10 1 0 3
4  2 1 0 3
4  8 1 0 3
4  9 1 0 3
4  5 1 0 3
4  4 1 0 3
4  7 1 0 3
5  24 3 0 2
5  30 3 0 2
5  29 3 0 2
5  20 2 0 3
5  18 2 0 3
5  19 2 0 3
5  17 2 0 3
5  16 2 0 3
5  1 1 0 4
6  11 2 0 4
6  12 2 0 4
7  45 5 0 2
7  46 5 0 2
7  40 4 0 3
7  38 4 0 3
7  21 3 0 4
7  22 3 0 4
7  23 3 0 4
7  27 3 0 4
8  66 7 0 1
8  42 5 0 3
8  47 5 0 3
8  37 4 0 4
8  35 4 0 4
8  36 4 0 4
8  32 4 0 4
8  28 3 0 5
8  26 3 0 5
9  65 7 0 2
9  41 5 0 4
9  48 5 0 4
9  43 5 0 4
9  33 4 0 5
9  34 4 0 5
10  67 7 1 2
10  53 6 0 4
10  44 5 0 5
10  50 5 0 5
10  39 4 0 6
11  55 6 1 4
11  51 6 1 4
11  54 6 0 5
11  31 4 0 7
12  80 8 2 2
12  74 8 1 3
12  64 7 1 4
12  56 6 1 5
12  69 7 0 5
12  61 7 0 5
12  63 7 0 5
12  70 7 0 5
12  52 6 0 6
12  58 6 0 6
13  87 9 2 2
13  88 9 0 4
13  78 8 0 5
13  71 8 0 5
13  62 7 1 5
13  77 8 0 5
13  79 8 0 5
13  76 8 0 5
13  73 8 0 5
13  72 8 0 5
13  57 6 1 6
13  49 5 0 8
14  86 9 1 4
14  80 9 0 5
14  89 9 0 5
15  85 9 2 4
15  75 8 0 7
15  59 6 0 9
16  82 9 0 7
17  81 9 2 6
17  68 7 0 10
17  60 6 0 11
19  83 9 0 10
25  84 9 0 16
Orders: 90 [Norm:31, Veg:29, VIP:30]
cooks: 55 [Norm:30, Veg:10, VIP:15, injured:1]
Avg Wait = 0.188889,  Avg Serv = 4.33333
Urgent orders : 0, Auto - promoted :0%
