FT ID AT WT ST
5  13 2 0 3
5  15 2 0 3
5  7 1 0 4
6  25 3 0 3
6  24 3 0 3
6  14 2 0 4
6  1 1 0 5
6  8 1 0 5
6  6 1 0 5
6  4 1 0 5
7  3 1 0 6
8  30 3 0 5
8  18 2 0 6
8  17 2 0 6
9  12 2 0 7
9  19 2 0 7
9  16 2 0 7
10  11 2 0 8
21  110 11 0 10
21  101 10 0 11
22  58 6 0 16
22  36 4 2 16
23  34 4 2 17
23  5 1 0 22
24  92 10 0 14
25  32 4 2 19
26  48 5 1 20
26  43 5 0 21
27  41 5 0 22
27  50 5 0 22
28  20 2 0 26
29  90 9 0 20
29  71 8 0 21
29  9 1 0 28
30  111 12 0 18
30  89 9 0 21
30  77 8 0 22
30  29 3 0 27
30  10 1 0 29
30  2 1 0 29
32  122 13 0 19
33  140 14 0 19
34  22 3 0 31
35  178 18 4 13
36  156 16 17 3
38  179 18 3 17
39  155 16 16 7
39  21 3 0 36
40  180 18 3 19
44  165 17 12 15
44  172 18 9 17
45  169 17 12 16
45  167 17 11 17
53  134 14 26 13
53  131 14 24 15
53  144 15 20 18
53  174 18 8 27
54  159 16 14 24
54  158 16 14 24
54  148 15 15 24
59  132 14 30 15
66  129 13 32 21
66  23 3 0 63
68  120 12 42 14
69  128 13 40 16
70  115 12 47 11
70  163 17 12 41
70  162 17 11 42
71  118 12 42 17
71  119 12 42 17
71  168 17 11 43
71  161 17 11 43
72  153 16 13 43
72  166 17 11 44
72  173 18 9 45
73  116 12 41 20
74  126 13 31 30
90  113 12 41 37
93  142 15 19 59
94  124 13 32 49
96  104 11 59 26
100  96 10 63 27
101  97 10 62 29
101  109 11 57 33
102  106 11 59 32
103  108 11 58 34
106  98 10 62 34
106  99 10 61 35
107  102 11 55 41
108  138 14 25 69
109  101 11 55 43
110  91 10 61 39
112  66 7 100 5
114  149 15 15 84
116  139 14 25 77
121  95 10 61 50
121  112 12 41 68
121  150 15 15 91
122  76 8 66 48
122  133 14 22 86
125  65 7 99 19
125  160 16 14 95
128  151 16 13 99
153  38 4 112 37
158  42 5 107 46
171  73 8 92 71
172  88 9 63 100
181  75 8 86 87
183  54 6 102 75
184  44 5 105 74
185  28 3 118 64
186  27 3 172 11
189  83 9 62 118
197  39 4 110 83
203  33 4 186 13
204  78 8 82 114
205  84 9 61 135
206  31 4 185 17
208  72 8 85 115
218  35 4 203 11
218  49 5 104 109
219  40 4 206 9
219  69 7 96 116
224  37 4 205 15
225  59 6 100 119
226  68 7 94 125
227  45 5 217 5
228  46 5 218 5
229  70 7 95 127
231  47 5 218 8
232  63 7 94 131
232  61 7 89 136
243  53 6 222 15
244  56 6 225 13
245  55 6 224 15
247  62 7 229 11
248  51 6 229 13
249  57 6 226 17
251  67 7 241 3
255  80 8 243 4
256  74 8 241 7
257  64 7 240 10
262  87 9 250 3
264  86 9 243 12
266  85 9 246 11
267  93 10 250 7
269  81 9 244 16
270  94 10 251 9
271  103 11 255 5
273  105 11 257 5
275  114 12 259 4
277  107 11 259 7
284  117 12 261 11
289  130 13 266 10
290  127 13 264 13
290  123 13 261 16
291  121 13 262 16
292  135 14 274 4
292  125 13 268 11
300  136 14 279 7
303  143 15 281 7
303  137 14 280 9
304  146 15 279 10
306  147 15 281 10
306  141 15 280 11
310  157 16 291 3
315  170 17 293 5
316  164 17 293 6
317  154 16 291 10
319  145 15 289 15
324  177 18 303 3
326  152 16 292 18
330  175 18 301 11
331  171 18 296 17
333  176 18 302 13
Orders: 175 [Norm:10, Veg:58, VIP:107]
cooks: 27 [Norm:12, Veg:6, VIP:9, injured:27]
Avg Wait = 96.3886,  Avg Serv = 30
Urgent orders : 72, Auto - promoted :80%
